279236011
279202509
278859665
278294685
277484918
277406265
277406131
277373552
276249382
276148107
275955767
275305106
275255817
275158060
272933024
253702998
253412818
251282239
246889149
246729838
246729837
221224197
217154667
214661792
213703394
194139659
192987140
191648646
176623637
112168547
102154941
93274819
78514426
69307352
51101356
19585135
14022872
11763808
4935927
2282591
278788238
278440231
278428106
277813042
277426414
277397870
277316032
277304912
276937523
276635087
276546514
276508642
275841320
275367615
275307332
275255806
275126269
274808266
273408768
272863081
269957076
263066841
262017122
258497053
257866630
257859695
253577573
217621975
196522223
193054234
176216790
151506141
148177023
87962285
72541263
68399004
68282442
56332095
19584955
2282607
279228797
279091479
278892155
278868588
278591994
278450343
278439233
278380302
278217914
277457364
277426915
277421646
277416812
277403905
276897149
275806723
275376675
275248879
275147449
274696145
273445304
270769278
261005350
253298213
246730524
246730502
216128968
192909067
185752931
163876983
120423751
115281122
110135649
76528209
55053644
16974932
12269449
1708547
1416813
1374137
279057990
279028210
278961023
278592653
278578262
278578024
278294473
277994864
277463918
277361783
276882382
276861483
276649730
276384225
276382638
276272225
276181130
275453186
275218101
274696963
273900836
273880498
273691694
263495436
262883607
257847787
249580416
195634896
189078432
173786272
127687152
113737657
94700163
89396714
77712100
58625585
35148041
7068817
2604345
2282589
279314693
278902974
278776570
278611188
278401462
278381534
278329042
277421140
277311473
276669634
276634565
276621353
276496310
276251737
275874262
275688001
275604372
275243359
273663107
273393828
272359238
259336861
257845274
252664392
241972133
241947751
199951840
147893339
137134266
133562554
132171283
125525741
74854593
72757783
43179685
23210447
19584938
12282424
8709349
3795621
279073393
278946714
278868421
278741970
278421329
278381502
278155614
278054680
277881148
277398073
276630432
276621406
276224815
276035921
275873896
275860654
275134772
274029248
270059107
225214788
205813509
198424597
196521011
192409638
186638779
160792962
156112897
148944414
120671885
112361777
108125514
82998719
59306147
58308529
42518245
38306022
8271204
3165683
2282587
1619621
279151799
278993469
278973356
278879704
278725942
278628681
278525765
278523046
278401412
278073657
278031179
277558538
277402534
276965430
276754402
276591013
276343958
276222822
275863336
275376501
274994099
274807254
274806079
274029054
272863168
263683113
263072195
249006127
246730019
198587523
176835110
104681252
91779988
79160747
52328173
44923467
38303053
9285799
6658395
6565249
279289472
279085334
278611849
278458732
278074612
277922671
277770908
277544686
277373423
277186086
276949780
276896869
276607908
276243583
275837490
275077671
274633018
273901767
271400153
270064417
269978787
262053309
212971196
208783684
193579268
193136079
191955009
190463928
181772164
179403715
174028318
147389103
141492589
134512164
125948845
112548706
93289725
86999917
55205646
1599729
279094819
279085324
278804366
278453502
277881075
277359626
277313000
277174789
276309362
275926003
274505352
274504928
274450584
274397981
274182443
273953910
273688656
271758563
271289483
253689482
253364204
250080703
199582415
198230399
192364516
189490899
164829144
137508329
128869142
102099807
79199850
67320997
67271402
66575235
24595547
12220364
11493033
11386411
7964066
760160
279046959
278958216
278892250
278795750
278628670
278618662
278578368
278134414
278055993
277941880
277776081
277772039
277564099
277551365
277431196
276975692
276745475
276674728
276645187
276378912
276353877
275731391
275502520
275234988
273558410
273456366
271536037
212219410
208629714
197416634
193138106
183500376
125397006
93289789
78905667
66496297
54376426
51837018
51398704
4227213
278618490
278380231
278277717
278277430
278097140
277995047
277834001
277359758
277186110
276937657
276523768
276316140
276295801
276033407
275927107
275527422
275261656
274910876
273392824
272634688
272227450
262551587
262017977
249005162
207774551
206326268
198721823
196339454
193512138
192673539
189116842
132184576
102391762
64368802
57354388
22246819
16256854
14185418
5552893
2477321
278618538
278381439
278318749
278206424
278049055
278001387
277845562
277544681
277531672
277439017
277403987
276674801
275607535
275501818
274161853
274150559
273900800
273481167
272632581
270974477
263585934
249005346
249005186
246730656
210144551
193043008
192698785
183728995
160409520
135849549
128288201
94425935
72225045
45320441
31976950
25068523
23089545
12734613
6625365
423997
279319039
279116560
278529566
277833873
277776333
277478409
276840346
276650083
276357099
276235689
275270541
274168481
274123397
273687320
270137470
257780746
254091226
253327520
215727355
203429170
202818240
197879550
197879429
197405465
195520856
192374284
189035426
173760548
128544957
108701287
89475840
87491890
73547260
59434252
46560093
33395818
20996392
10650902
4318165
1599417
278973038
278933039
278878409
278867453
278689981
278566895
278139294
277558657
277541380
277478449
276653934
276524368
276507555
275837619
274666110
274600006
273687369
273675195
273663435
272126130
263066610
248180594
216124837
210878104
202007733
198872832
198734190
198202185
190864561
186534464
135094136
87380660
86145105
77230624
58918951
47323094
46563284
42676831
28913854
14706823
279038492
278676286
278520907
277943432
277402615
277398892
277396742
277388463
276945048
276905360
276059803
275970581
275875944
275748939
275465044
275454511
275113514
274783419
274505649
273870706
273688707
273373325
271122877
262839198
251365182
249278142
246730445
200618580
197409528
189557762
175146761
156232887
125448524
73323934
66383100
43041635
25657964
2590525
747936
736199
279217456
279135193
279085232
278700637
278399879
278197539
278074726
276896598
276597546
276503534
275607178
274972001
274666019
274362208
263581164
249848974
212967600
209917958
200767992
198240707
196521994
195527630
193155383
176157179
145254821
117927697
109366925
91772617
77711458
58322949
57707239
38165789
33260595
20810739
13866304
9967102
6715255
6505197
2599093
790316
279028332
278804360
278636175
278474076
277775728
277531598
277464842
277441141
277387952
277186153
276779059
276718075
276146812
276043667
275056879
274152176
273911143
252858910
252107515
251540498
246729903
207777455
206641706
202011454
197602320
196031494
195624120
138896660
109947268
88074604
86144706
85025758
76110577
53497722
16256860
15474195
14110636
4693425
2180787
544906
278523132
278520291
278056006
277834199
277413282
277403774
276965474
276344267
276344060
276282321
275962352
275732109
275277553
274708620
274604100
274591613
274152376
273896679
273894834
273493731
270767637
263972298
255430499
255430373
253282093
249005782
222399197
196145141
181254647
125285272
118407659
97546117
95278227
93289965
81388421
76673066
68247320
58214063
23879484
20787351
278628548
278458711
278024603
277990098
277736953
277531186
277398199
277320052
276939024
276567190
276424108
276356565
276252005
276139819
275935316
275748203
275693211
275677378
275580721
275237506
274853601
274828769
274743561
274505421
273930112
273693948
273675081
272941605
271254268
215736469
197378382
186683919
138359762
112824530
103354994
58723933
23936901
23264526
20847707
1607091
278725568
278636414
278154584
277739865
277505569
277384509
276969817
276965544
276898147
276599386
276526874
276350250
276187984
275926117
275906089
274916366
274598397
274418654
274384044
273902049
273855870
272816191
272351896
271485388
270767732
214824208
213862861
212921215
202044016
195334085
159898189
157125286
136656498
127585794
102567731
92533531
83483583
10688494
2872193
756335
278721615
278628445
278592642
278304177
277941871
277499107
277378746
276882746
276840895
276452225
275924458
275505516
274770172
274742988
274108960
273951487
273927778
273894761
273664135
273663626
273220222
271516768
270838980
270767680
270267010
207293683
198935849
186471222
179214859
177483794
164327656
158107587
148823403
136486381
109089596
104438432
77578726
57909247
23307420
4935805
279075710
278867278
278804361
278278687
277941889
276882530
276282263
275654557
275381986
275235699
274747749
274150505
274017909
273989420
273720416
273693967
272124093
250080711
208561272
207163328
206480716
200852397
198200977
176212614
174658886
174304528
171574623
155383836
107461390
107183004
91753452
74598632
67331342
59554129
23630553
11264696
9725963
7392183
6530319
747957
279132386
278686869
278529379
278422853
278150151
278049205
277775991
277621132
277558793
277464694
277445381
277403220
276973316
276900064
276862711
276630328
276628345
275347084
275307026
275056852
273910431
246730703
201643526
200012569
188406581
186590310
183349763
179215246
151544471
133580801
97029498
93158816
91557641
89877527
47166162
19584974
12269351
7065717
2467931
2282557
279091034
278804414
278686847
278636387
278575432
278566910
278383757
278279964
278195580
278118708
278075527
277941900
277839891
277839881
276974570
276885639
276604420
276526920
275937313
275873321
275848992
275737911
273987495
273979188
273908784
273652597
262696030
262383570
257855333
230200216
213958778
212231333
202807871
194141581
165665730
83369075
46567662
16679923
16237279
6560767
278152451
278077328
276939206
276612706
276603360
276514362
276472770
276243688
275350629
275077101
275020516
275019107
274660154
273901452
273720457
273687877
271516959
262076453
253671281
212971338
207942273
205229481
197627875
194960423
194141041
192391188
192367684
192276260
187568782
181583808
161265838
160832365
131549185
101852330
86144931
75490057
59304205
35813362
17043350
7248403
278890444
278686799
278636396
278592332
278279791
278241791
278075533
277384496
277356255
276735956
276630494
276621312
276229367
276075701
275337020
275212253
275207757
275114322
274937179
273713294
271069003
242726709
216102660
189574232
187829389
176842704
165110074
149607442
145621201
138480707
137136583
128817610
76726396
58341210
46625749
21202326
16256797
6558333
740779
707169
278958322
278903019
278705897
278567147
278125341
277620696
277531657
277174854
276350336
276308205
275668145
275607569
275258985
275049965
274451879
273910609
261005505
214203416
207782428
198589717
196515509
194804899
192941702
164063858
155184498
123815117
96175337
92685527
81991755
76121187
58405491
24940714
23357443
17042639
13428954
9996463
4944635
4693829
3669097
2463173
279010070
278854681
278577841
278134897
276527410
276222755
275749240
275748437
275207943
275114629
274885370
274588687
273969697
273937997
273851789
270958876
222557318
198725050
193154707
189468141
188041855
171553182
166413366
164211538
158138706
155225619
151420069
130393741
129260807
125641015
98087673
76200432
57692545
37952923
25661541
20847667
16257221
8157257
6623979
707331
278854660
278776720
278295069
278004491
277573129
277174128
276985529
276597925
275848296
275654593
275450870
275113654
275079577
274696721
274603380
273899053
264017801
252454582
249579328
215736459
202041827
200620245
197378213
190469352
179746513
99232046
86146083
77719395
68656523
53497719
22828988
20104615
6563387
3188297
2282615
760153
756673
756671
756319
756263
