279287522
278498646
278274468
277924007
277350164
276897852
276851314
276233156
276232860
276153979
276061289
275207855
249215436
248928122
213948626
176251118
176250783
172474530
154298071
143579343
104904605
103093005
101280655
99968881
99958075
76705126
68202834
68200548
67538621
56919853
55022423
52189164
52184516
43333663
31638135
31637590
24793563
23296068
14694949
5757757
279014911
278833580
278686114
277924226
277600025
276897987
276897802
276580096
276579860
276311369
276159101
276151697
276140290
274158485
273395259
272336109
251771032
251557637
247804144
246730558
199752718
190142008
190129715
178006534
172280664
164311472
164310407
103012443
101949747
101174402
95054251
95052893
87981660
72462368
56958910
55238819
52253824
50669330
23412294
15810955
278071763
277996544
277848387
277165667
277165603
276876769
276833571
276832011
276584084
276583678
276366333
276232908
276123170
274960088
273435424
269943106
269905075
251773296
251560724
251532074
246729871
205993470
199941918
199752074
197058539
196202846
195305781
163902369
160884442
154292862
113052442
84866436
79369713
76600936
52188529
40979664
34964186
31638205
16546849
14695097
278856546
277943165
277841951
277725831
276146188
276116891
275106811
272330594
253379891
253365231
253365169
252157171
249724356
247807078
246730697
246730165
207391832
207391813
186133766
180893025
177589309
164082610
163919880
163731428
110152205
105937313
103076103
98120055
84867021
81074746
74959458
56465215
55411656
54569520
51097029
50239323
42899542
34148419
14351068
2373575
279023305
278741557
278274677
278012473
277167530
276887044
276581455
276574075
276569649
276134916
276121771
275181800
274145678
273597613
270743291
263483664
251562339
246729828
213945542
203915629
199940178
196033255
173831458
160910643
160884282
113052130
108772138
103049077
102531428
101949588
97823540
90723093
90483829
73219234
57758774
55664211
49733157
24250579
24038276
23403201
279071174
278790215
278309934
276897687
276886830
276886805
276883184
276667776
275694691
274894622
274885003
274587611
274524642
269945602
251401736
246730206
213948309
206664470
206140474
186072815
174175573
172284671
164251651
148750640
138775667
134757633
101278903
90483671
75983158
72600691
67526051
56958321
55740133
52198505
27925243
20990241
20737439
16712370
13326027
3969995
279128134
279068065
279062724
278717007
278701387
277954924
275621044
275396535
269904929
251555518
198057906
197675716
171901631
164312324
164081897
164017356
143213452
138414268
113052759
102509426
101949803
98675410
98126967
98078737
95053519
92924637
90341361
87670339
86066414
76695328
76212811
76118602
75483215
68573034
64315996
57786091
41531018
24595627
23018635
13307720
278854261
278274321
277165363
277027231
276584510
276158999
274158861
273583886
273189098
270483459
260791605
249723132
207393560
205993341
205827767
203952373
203931181
200002811
200002603
189673526
188809173
186815111
169749851
162526851
138669988
109516642
101175210
98224496
90484465
82518572
76725581
72802628
67708834
58403663
46699028
28410636
22493704
14694284
7078807
6187707
279013432
278594703
278466546
278465407
278042068
278007782
277728656
276872019
276669234
276174389
276150761
270801635
251579306
251578409
251563754
251553435
243045892
205995076
205968822
201594183
198261845
186271088
177588270
172282411
164313460
164312116
162834923
160883220
113052074
101949478
76600795
74429355
74385119
70685863
67840370
59100835
55424651
54781910
52187546
32316253
279256688
279023390
279015139
278865431
278433589
278424265
277946341
277741003
277476787
277474911
276897928
276590644
276150571
276073408
275023897
273874204
268507843
251563976
213945792
210145761
205991926
203954003
164313903
163546094
160882965
154917738
145717928
110139205
94345642
80651700
78907547
75649772
73645538
59080911
35087712
28289833
23452446
15814683
13634142
3940635
279274100
278008502
277947535
277338667
276871084
276870879
276864358
276584671
276580150
276150540
275878934
274933838
274871813
273644256
272412339
248690043
246730359
217264814
205968335
202743101
175426397
174593731
172246313
162148842
157849114
117132492
101281280
93206831
92806576
90483736
71628252
56958267
56943495
54475596
29254399
26055530
22158405
20735027
15992824
15129168
279071040
279070927
278864369
277848549
276886894
276233070
275708353
274145541
273644489
269849047
253182468
250768326
248633108
246730347
217262932
213947172
213945699
207392140
207236298
201597060
199996713
176731624
172283830
172283198
164312469
163928733
110813116
102882476
87895026
79459879
68354319
67516317
52635859
51714411
31362865
29863167
24403569
11988957
11956103
9820560
278993255
278850341
278833005
278423965
278044928
277985333
276879752
271152260
251563600
251559102
246730434
206149403
205299984
195304668
172322104
172283135
172280631
171901581
164313632
164313170
164311125
164310055
164251496
160961409
160884060
130969557
91205203
90483665
73547916
73420975
59131022
56958251
56461941
55212235
53481227
34706695
20991311
15787672
15784024
13512763
279256558
279013580
278686018
278606439
278424056
277850665
276886698
276839924
276584350
276348729
275255891
274514013
269945821
251556944
251556420
205991741
201934265
201594583
198261829
193981069
178752635
172280619
157117410
141660170
91388606
83617921
73335809
73332663
72791018
60189599
59324626
59079180
56959947
56958262
34970189
28286476
23851539
20020329
15135625
3969655
279023215
279014755
278856465
278849722
278433225
278424052
278052413
277869730
277851387
277849172
276584897
276515278
276073663
274507854
273584264
260791538
248129588
208740657
205849327
205300016
193989559
172373172
163896997
150214417
144139759
138692329
134750203
111708924
93010173
85692308
81928917
76695580
76600710
76047427
73330264
73208079
59326166
58465558
24470252
17906952
279248283
279023542
279014298
278935816
278872719
277550023
277437306
277271824
276962282
276870907
276869067
276678209
271829352
251557446
250083914
213947904
213945070
205849269
201594902
199250413
198262015
198203614
190229414
172364777
164082601
150738986
119112132
106281201
102579186
101463378
100222219
87411289
86062411
82853568
76048960
74533437
74026052
56221772
54889097
35193606
278733080
278432533
278049759
277943543
277740853
276073574
275214770
275025450
274051771
264311896
263484608
263040176
212936093
205991312
201430795
193492866
178752618
168957775
164313171
159088076
158666976
148090695
145716807
141665125
134702556
130356521
129246479
105673698
104160910
93233783
81929125
77884223
67805324
58362412
50735458
50405083
37516373
34702350
13299719
9820573
279128319
278962267
278433181
278109899
278109813
277357075
276924195
276870972
274158457
273836662
263496443
253401674
249227355
248689978
246729954
207393110
205993544
205299980
203952636
198261915
190827090
184100954
174016079
172325430
163895036
145178707
112319153
103266312
97570116
86066164
77879401
76057129
67843574
67838126
55056022
47099868
39369167
28128681
23286414
20412430
279325320
278850221
278834944
278704460
278107420
278106505
278053880
277728674
277165508
276924291
276883154
276882779
276668956
275021274
274283500
269943289
257788612
253360261
251561124
251555255
246729883
190740941
187288928
179571793
172325259
172324019
148081342
113051837
103379547
96594332
76777181
58281815
57768624
52198192
42424755
34256193
25084178
20452813
14518666
9824219
279014511
278850301
278799852
278763136
278350654
277435820
276753835
276667813
275143764
275059977
274871668
273992210
273728250
270110596
269905441
251581310
251572538
251571728
244298457
213944195
207392723
203952721
194198751
173724689
155269199
124749863
116132241
111477677
107011981
101949917
95310196
95276902
90483672
90066960
89293957
76600851
69001209
67921385
58884175
56937927
279256535
279211687
279015561
278962262
278690745
277963997
277548613
277012441
276939551
276878741
276870061
276864366
276806230
276680315
276671080
276585906
274514989
273874169
271495065
246730770
212935873
205993142
203915191
203914610
191354727
186236420
173991837
172391041
172284266
163825388
163713265
162772514
143212081
112086654
91386766
87531956
59467994
59076570
58306474
51400729
279153751
279128125
279071147
279013612
278855114
278778444
278236078
278230609
277515096
277273285
276878579
276876588
276869682
274803144
274505011
271511340
270110545
269612225
268504309
267556901
253248795
251558476
246730278
246730077
219306343
213947798
213943694
207393180
196859714
178608325
176734454
113052317
86075956
81093614
73843595
63852488
56902123
51100972
31235684
20731450
279068078
279015473
278994189
278849702
277435609
276904083
276877801
276875609
276871924
276871485
276667109
274515004
272918260
270820575
270468277
269945726
251572277
251554568
246730783
213948593
213943859
205995600
205991982
180894302
180893575
178608320
172281846
164081168
163791974
130392309
102581214
101272357
90743382
55600246
52198702
24503371
22440355
14694657
9827326
3603023
279287752
278966267
278850206
278021622
276886757
276675077
276590775
276369538
276232676
276132695
276073702
269642782
262052392
250768304
248690166
246730745
246729940
196247445
193504415
174026921
172325352
145717645
111560211
110155843
86066222
79770394
75555777
73743727
72881856
72522476
70776478
67267112
65098981
59212538
56118725
34669916
21436280
20733222
20527567
13331882
278874617
278833043
278800207
277963905
277847138
277506347
276919825
276886725
276590956
274505081
273711365
273644402
273596614
268564451
263645349
263357243
251557899
198203124
193004709
187335897
177274482
176769589
174025396
173986528
134409005
113051701
81928752
75659874
74891310
74207597
70442223
62219429
57979853
51488651
44933972
21974777
17618560
7065375
3940533
766420
279069600
278850255
278676950
277842095
276882808
276877519
276871305
276864619
273728361
263494583
244298372
239484185
212287809
201423618
174001966
163029309
141665212
135059173
129746934
112866769
111972654
78553019
73214429
69933216
63837667
59077722
56958336
55778935
49724179
42185488
37650433
37157955
31637448
25291359
25196817
23228431
17898669
13632609
12255034
7707600
278994172
278596305
278595178
277872317
277342816
276886643
276880111
276442626
274683306
269943918
253312892
251570081
249227664
207293873
198262051
197337381
195622075
150214082
146449442
131251087
113052922
113052002
108230912
101278805
87093224
86061278
76274267
75659582
71908855
68613966
67595415
57140387
56954336
47470611
45101326
34352913
15728899
9796377
3714875
3714865
279016163
278935777
277943190
277847968
277741420
277314192
277016885
276897726
276872474
275694947
275145289
275144116
273644391
271829295
262051471
248690177
217263031
214731469
206148650
192976831
186232050
184101056
177312768
174016304
164081082
150213959
146368426
110938120
110477285
98905979
90863897
90483814
81652669
56957527
55726076
53481250
51470911
16911213
11988942
3969703
279321151
279067602
279013899
279013764
278850180
278433610
278092198
277851294
277848705
276584539
276009086
262454965
252578345
251582734
251581894
248688404
244298989
212320996
208629805
205718121
203951577
201593844
201391629
193040338
164251088
160883217
111682149
95304831
85256178
76600829
71940592
70285800
56955449
55662229
52188800
51097992
48634032
35236973
34706032
9795798
